http_api: 000000000000
pb_api: 000000000000
darksky_api: 000000000000
mqtt_pass: 000000000000

home_latitude: 000000000000
home_longitude: 000000000000
home_elevation: 000000000000

twilio_sid: 0000000000000000000000000000000
twilio_auth: 0000000000000000000000000000000

octo_host: host.example.com
octo_api: ABCDEF0123456789ABCDEF0123456789

db_url:  mysql://ha:ugUcPGTWjfBnkVGbyVEu@db/homeassistant?charset=utf8

home_latitude: 29.658249
home_longitude: -95.445930
home_elevation: 17

zm_host: zm.example.net
zm_user: user
zm_pass: pass

spotify_client_id:  1234567890abcdef1234567890abcdef
spotify_client_secret: 1234567890abcdef1234567890abcdef

openuv_api: aaaaaaaaaaaa11111111111111111111

griddy_json: '{"meterID": 0000000000000000000000, "memberID": 11111, "settlement_point":"LZ_CITY"}'

